0	0&&212&&F1	0
700000	F1	0
700010	F1	0
700020	F1	0
7810820701	F1	0
7810820702	F1	0
7810820703	F1	0
7810820704	F1	0
7810820705	F1	0
7810820706	F1	0
7810820707	F1	0
9787512100008	133	0
9787512100022	211	77
9787512100039	301	231
9787512100046	241	364
9787512100053	113	0
9787512100084	123	2
9787512100091	273	2
9787512100107	F1	0
9787512100114	163	1
9787512100121	263	0
9787512100138	103	0
9787512100145	F1	3
9787512100152	311	368
9787512100169	012	210
9787512100176	443	0
9787512100183	341	0
9787512100190	421	0
9787512100206	212	0
9787512100213	062	0
9787512100220	212	0
9787512100237	301	68
9787512100244	082	405
9787512100251	281&&F1默认	0
9787512100282	301	208
9787512100299	281	0
9787512100305	411	390
9787512100329	561&&F1	19
9787512100336	412	34
9787512100343	141	0
9787512100350	232	0
9787512100367	223&&F1默认	0
9787512100374	312	0
9787512100381	231	644
9787512100398	273	0
9787512100404	271	0
9787512100411	291	674
9787512100428	F1	0
9787512100435	393	280
9787512100442	193	0
9787512100459	263	0
9787512100497	193	0
9787512100503	333	1
9787512100510	193	1
9787512100527	153	20
9787512100534	011	46
9787512100541	123	27
9787512100558	193	23
9787512100565	292	89
9787512100572	123	25
9787512100589	161	179
9787512100596	221	0
9787512100602	421	123
9787512100619	393	2
9787512100626	092	84
9787512100633	331	384
9787512100640	382	0
9787512100657	F1	10
9787512100664	432	0
9787512100671	412	19
9787512100688	441	202
9787512100695	221	0
9787512100701	263	0
9787512100718	262	0
9787512100725	412	0
9787512100732	012	90
9787512100749	173	2
9787512100756	211	147
9787512100763	111	47
9787512100770	231	256
9787512100787	232	194
9787512100794	401&&402	216
9787512100800	423	0
9787512100817	302	197
9787512100824	012	203
9787512100831	122	17
9787512100848	123	0
9787512100855	362	0
9787512100862	111	0
9787512100879	462	42
9787512100886	152	0
9787512100893	251	185
9787512100909	012	0
9787512100916	162	0
9787512100923	261	0
9787512100930	302	204
9787512100947	222	0
9787512100954	392	88
9787512100961	252	0
9787512100978	283	0
9787512100985	F1	0
9787512100992	F1	0
9787512101005	102	549
9787512101012	F1	0
9787512101029	302	346
9787512101036	372	46
9787512101043	352	0
9787512101050	193	23
9787512101067	011	65
9787512101074	352	126
9787512101081	012	31
9787512101098	012	39
9787512101104	202	0
9787512101111	292	44
9787512101128	442	132
9787512101135	443	0
9787512101142	012	89
9787512101159	133	157
9787512101166	443	22
9787512101173	091	0
9787512101180	193	62
9787512101197	211	0
9787512101203	441	0
9787512101210	243	6
9787512101227	312	0
9787512101234	133	0
9787512101241	323	1
9787512101258	303	0
9787512101265	133	0
9787512101272	011	0
9787512101289	393&&F1默认	0
9787512101296	362	158
9787512101302	091	0
9787512101319	193	40
9787512101326	323	3
9787512101333	323	0
9787512101340	072	0
9787512101357	163	0
9787512101364	201	0
9787512101371	303	448
9787512101388	203	31
9787512101395	203	24
9787512101401	203	23
9787512101418	211	0
9787512101425	351	381
9787512101432	193	4
9787512101449	123	0
9787512101456	183	5
9787512101463	331	0
9787512101470	152	152
9787512101487	331	337
9787512101494	091&&092	30
9787512101500	292	0
9787512101517	322	0
9787512101524	201	10
9787512101531	273	7
9787512101548	292	231
9787512101555	323	0
9787512101562	032	0
9787512101579	193	1
9787512101586	231	17
9787512101593	572	1923
9787512101609	572	1436
9787512101616	351	1849
9787512101623	152	10
9787512101630	212	147
9787512101647	241	117
9787512101654	153	7
9787512101661	312	61
9787512101678	332	3
9787512101685	211	26
9787512101692	263	4
9787512101708	193	0
9787512101715	143	27
9787512101722	273	0
9787512101739	133	0
9787512101746	193	283
9787512101753	433	0
9787512101760	0	4223
9787512101777	0	3939
9787512101784	F1	4470
9787512101791	212	0
9787512101807	422&&L2	443
9787512101814	213	145
9787512101821	082	0
9787512101838	263	0
9787512101845	062	0
9787512101852	112	48
9787512101869	433	3
9787512101876	263	0
9787512101883	411	191
9787512101890	143	0
9787512101906	111	0
9787512101913	011	4
9787512101920	433	0
9787512101937	111	0
9787512101944	372&&F1默认	0
9787512101951	153	54
9787512101968	423	0
9787512101975	153	72
9787512101982	133	3
9787512101999	072	12
9787512102002	153	6
9787512102019	173	4
9787512102026	241	146
9787512102033	132	0
9787512102040	122	3
9787512102057	221	56
9787512102064	211	0
9787512102071	F1&&F1默认	0
9787512102088	433	0
9787512102095	323	0
9787512102101	112	0
9787512102118	423	0
9787512102125	423	0
9787512102132	433	1
9787512102149	163	6
9787512102156	102	0
9787512102163	033	0
9787512102170	073	0
9787512102187	101	111
9787512102194	371	0
9787512102200	283	0
9787512102217	033	0
9787512102224	293	0
9787512102231	403	118
9787512102248	152	0
9787512102255	352	0
9787512102262	012	0
9787512102279	071	53
9787512102286	141	53
9787512102293	153	22
9787512102309	012	5
9787512102316	203	0
9787512102323	213	0
9787512102330	423	0
9787512102347	121	452
9787512102354	133	0
9787512102361	411	452
9787512102378	101	30
9787512102385	F1	239
9787512102392	051	0
9787512102408	012	387
9787512102415	403	202
9787512102422	413	0
9787512102439	371	411
9787512102446	283	0
9787512102453	313	1
9787512102460	381	6
9787512102477	133	43
9787512102484	032	0
9787512102491	401	48
9787512102507	183	0
9787512102514	102	296
9787512102521	091&&191	31
9787512102538	011	611
9787512102545	263	294
9787512102552	101	0
9787512102569	173	0
9787512102576	042	154
9787512102583	222	25
9787512102590	441	420
9787512102606	133	0
9787512102613	033	0
9787512102620	173	18
9787512102637	011	128
9787512102644	241	0
9787512102651	391	0
9787512102668	273	1
9787512102675	281	0
9787512102682	061	0
9787512102699	411	152
9787512102705	112	0
9787512102712	113	0
9787512102729	233	0
9787512102736	093	0
9787512102743	263	0
9787512102750	213	0
9787512102767	231	92
9787512102774	283	5
9787512102781	203	0
9787512102798	342	44
9787512102804	F1	128
9787512102811	071	0
9787512102828	273	0
9787512102835	011	2
9787512102842	183	10
9787512102859	432	320
9787512102866	341	0
9787512102873	443	0
9787512102880	143	0
9787512102897	313	0
9787512102903	042	32
9787512102910	061	0
9787512102927	582	517
9787512102934	582	27
9787512102941	F1	2168
9787512102958	423	0
9787512102965	403	0
9787512102972	311&&F1默认	0
9787512102989	443	262
9787512102996	153	0
9787512103009	433	0
9787512103016	253	0
9787512103023	323	0
9787512103030	441	8
9787512103047	451	2304
9787512103054	451	2220
9787512103061	451	2313
9787512103078	451	2217
9787512103085	451	2253
9787512103092	451	2048
9787512103108	451	1993
9787512103115	451	2454
9787512103122	451	2252
9787512103139	451	2129
9787512103146	451	2203
9787512103153	451	2005
9787512103160	451	2253
9787512103177	451	2184
9787512103184	451	2165
9787512103191	451	1934
9787512103207	451	1234
9787512103214	133	16
9787512103221	441	0
9787512103238	103	2
9787512103245	183	0
9787512103252	103	1
9787512103269	402	62
9787512103276	292	28
9787512103283	261	205
9787512103290	233	1
9787512103306	183	4
9787512103313	432	0
9787512103320	042	0
9787512103337	371	78
9787512103344	173	0
9787512103351	203	0
9787512103368	323	0
9787512103375	433	0
9787512103382	411	413
9787512103399	372	117
9787512103405	342	110
9787512103412	133	0
9787512103429	271	274
9787512103443	143	0
9787512103450	313	0
9787512103467	193	0
9787512103474	263	0
9787512103481	133	19
9787512103498	442	287
9787512103504	113	3
9787512103511	193	0
9787512103528	133	1
9787512103535	433	5
9787512103542	303	0
9787512103559	F1	2185
9787512103566	431	0
9787512103573	323	0
9787512103580	212	0
9787512103597	122	130
9787512103603	141	76
9787512103610	361	722
9787512103627	011	203
9787512103634	281	0
9787512103641	131	0
9787512103658	F1	98
9787512103665	103	0
9787512103672	173	7
9787512103689	392	483
9787512103696	032	471
9787512103702	F1	45
9787512103719	211	72
9787512103726	051	0
9787512103733	273	0
9787512103740	102	568
9787512103757	391	759
9787512103764	353	70
9787512103771	121	0
9787512103788	692	100
9787512103795	692	98
9787512103801	383	1
9787512103818	422	1
9787512103825	042	247
9787512103832	203	12
9787512103849	252	73
9787512103856	172	0
9787512103863	322	111
9787512103870	183	6
9787512103887	423	0
9787512103894	133	0
9787512103900	381	169
9787512103917	341	220
9787512103924	371	0
9787512103931	342	223
9787512103948	402	104
9787512103955	351	332
9787512103962	163	9
9787512103979	423	0
9787512103986	352	5
9787512103993	321	0
9787512104006	393	0
9787512104013	181	0
9787512104020	231	0
9787512104037	251	228
9787512104044	132	0
9787512104051	073	0
9787512104068	101	0
9787512104075	211	228
9787512104082	163	1
9787512104099	302	0
9787512104105	022	0
9787512104112	063	5
9787512104129	233	0
9787512104136	391	0
9787512104143	012	24
9787512104150	382	35
9787512104167	053	0
9787512104174	052	199
9787512104181	442	16
9787512104198	072	0
9787512104204	361	109
9787512104211	021	0
9787512104228	022	0
9787512104235	211	0
9787512104242	272	239
9787512104259	283	0
9787512104266	363	0
9787512104273	311	135
9787512104280	173	4
9787512104297	012	71
9787512104303	073	0
9787512104310	072	0
9787512104327	273	0
9787512104334	223	0
9787512104341	253	0
9787512104358	0&&651	117
9787512104365	0	2731
9787512104372	031	259
9787512104389	432	0
9787512104396	0&&651	547
9787512104402	0&&651	130
9787512104419	0	3044
9787512104426	0	3029
9787512104433	242	21
9787512104440	182	38
9787512104457	221	1
9787512104464	432	224
9787512104471	441	2
9787512104488	163	0
9787512104495	192	10
9787512104501	011	0
9787512104518	041	153
9787512104525	321	0
9787512104532	F1	0
9787512104549	123	11
9787512104556	352	153
9787512104563	242	0
9787512104570	383	0
9787512104587	212	0
9787512104594	022	0
9787512104600	433	2
9787512104617	561	409
9787512104624	0&&561	1929
9787512104631	351	850
9787512104648	411	3
9787512104655	201	275
9787512104662	322	3
9787512104679	032	0
9787512104686	393	1
9787512104693	181	0
9787512104709	182	330
9787512104716	342	132
9787512104723	191&&422	805
9787512104730	182	4
9787512104747	311	182
9787512104754	392	0
9787512104761	412	0
9787512104778	283	0
9787512104785	081	61
9787512104792	151	0
9787512104808	032	14
9787512104815	011	10
9787512104822	412	16
9787512104846	083	2
9787512104853	433	0
9787512104860	391	305
9787512104877	192	0
9787512104884	012	356
9787512104891	382	0
9787512104907	291	0
9787512104914	411	0
9787512104921	262	0
9787512104938	271	0
9787512104945	232	375
9787512104952	421	95
9787512104969	412	112
9787512104976	382	39
9787512104983	332	114
9787512104990	133	0
9787512105003	222&&F1	160
9787512105010	032	0
9787512105027	402	3
9787512105034	133	1
9787512105041	133	0
9787512105058	382	202
9787512105065	211	0
9787512105072	342	407
9787512105089	181	315
9787512105102	311	49
9787512105119	433	0
9787512105126	123	0
9787512105133	361	138
9787512105140	103	0
9787512105157	183	18
9787512105164	281	0
9787512105171	181	0
9787512105188	241	50
9787512105195	183	3
9787512105201	241	224
9787512105218	381	0
9787512105225	201	322
9787512105232	173	0
9787512105249	212	165
9787512105256	521	169
9787512105263	022	0
9787512105270	402	181
9787512105294	042	11
9787512105300	322	116
9787512105317	133	17
9787512105324	021	0
9787512105331	692	0
9787512105348	282	31
9787512105355	041	0
9787512105362	321	1
9787512105379	331	177
9787512105386	102	72
9787512105393	123	0
9787512105409	081	1
9787512105416	121	0
9787512105423	152	0
9787512105430	321	0
9787512105454	331	20
9787512105461	173&&F1默认	17
9787512105478	242	82
9787512105485	351	26
9787512105492	351	0
9787512105508	391	24
9787512105515	213	0
9787512105522	213	1
9787512105539	101	183
9787512105546	211	0
9787512105553	211	95
9787512105560	143	5
9787512105584	201	559
9787512105591	363	9
9787512105607	231	38
9787512105614	341	222
9787512105638	351	0
9787512105652	193	0
9787512105669	393	33
9787512105676	402	0
9787512105683	233	0
9787512105690	361	0
9787512105706	392	1
9787512105713	203	0
9787512105720	011&&F1默认	0
9787512105737	271	0
9787512105744	272	1
9787512105751	231	4
9787512105775	223	2
9787512105782	223	1
9787512105829	062	3
9787512105836	0	0
9787512105843	243	4
9787512105850	193	22
9787512105867	332	2
9787512105874	163	0
9787512105881	F1	0
9787512105904	141	1201
9787512105911	233	2
9787512105942	172	2
9787512105959	263	0
9787512105966	272	0
9787512105973	111	0
9787512105980	0	0
9787512106024	111	0
9787512106031	401	1
9787512106055	171	1
9787512106062	0	0
9787512106079	053	0
9787512106086	F1默认	0
9787512106123	151	3
9787512106215	402	0
9787512106222	312	0
9787512106239	301	777
9787512106246	292	1
9787512106277	402	0
9787512106307	261	72
9787512106321	012	0
9787512106338	043	0
9787512106352	401	0
9787512106383	292	0
9787512106406	251	0
9787512106420	131&&F1&&F1默认	552
9787512106444	241	175
9787512106468	442	0
9787512106475	381	0
9787512106482	402	5
9787512106499	273	0
9787512106505	273	0
9787512106512	411	2
9787512106536	F1默认	0
9787512106567	411	584
9787512106598	121	0
9787512106604	213	0
9787512106628	301	0
9787512106659	223	0
9787512106666	273	0
9787512106673	273	0
9787512106697	093	0
9787512106758	443	0
9787512106765	043	9
9787512106772	273	0
9787512106826	273	0
9787512106833	353	0
9787512106888	011	0
9787512106925	421	622
9787512106949	0	0
9787512106956	282	380
9787512106987	173&&351	451
9787512107045	F1默认	0
9787512107052	163	47
9787512107069	292	0
9787512107076	103	17
9787512107083	063	4
9787512107090	363	6
9787512107106	053	0
9787512107137	062	0
9787512107151	F1默认	0
9787512107168	161	498
9787512107182	F1	0
9787512107199	191	503
9787512107205	361	14
9787512107212	331	601
9787512107243	112	0
9787512107274	F1	0
9787512107281	093	5
9787512107298	071	17
9787512107328	321	385
9787512107342	153	22
9787512107359	112	11
9787512107366	122	12
9787512107373	041	21
9787512107397	031	153
9787512107403	122	15
9787512107427	361	18
9787512107434	F1默认	0
9787512107441	122	15
9787512107489	351	846
9787512107502	431	159
9787512107557	F1默认	0
9787512107571	143	14
9787512107601	153	22
9787512107625	102	13
9787512107670	091	222
9787512107687	191&&F1默认	647
9787512107694	181	675
9787512107700	151	178
9787512107717	241	92
9787512107724	0	0
9787512107779	371	474
9787512107793	032	37
9787512107809	441	45
9787512107823	242	640
9787512107861	0	0
9787512107915	F1默认	0
9787512107939	221	283
9787512107946	372	486
9787512107984	081	6
9787512108011	081	0
9787512108028	032	0
9787512108035	111	0
9787512108042	132	0
9787512108059	411&&F1默认	442
9787512108066	171	180
9787512108110	111	0
9787512108141	301	799
9787512108158	F1默认	0
9787512108202	231	667
9787512108233	051	927
9787512108240	321&&322	646
9787512108257	271	33
9787512108332	F1默认	0
9787512108349	371	591
9787512108417	032	0
9787512108462	241	241
9787512108479	412&&421	40
9787512108509	351	377
9787512108523	402	0
9787512108530	312	45
9787512108547	0	0
9787512108554	0	0
9787512108561	402	0
9787512108578	021	314
9787512108585	F1默认	0
9787512108592	021	313
9787512108608	F1默认	0
9787512108615	F1默认	0
9787512108622	F1默认	0
9787512108639	F1默认	0
9787512108646	F1默认	0
9787512108653	072	0
9787512108660	0	0
9787512108677	0	0
9787512108684	411	146
9787512108714	381	1
9787512108745	011	2
9787512108790	022	3
9787512108820	062	0
9787512108837	0	0
9787512108844	352	0
9787512108851	212	0
9787512108868	321	475
9787512108899	0	0
9787512108936	141&&F1	2181
9787512108943	F1	429
9787512108974	151	130
9787512109001	271	459
9787512109018	171	274
9787512109049	0	0
9787512109063	0	0
9787512109070	0	0
9787512109087	271	137
9787512109094	031	739
9787512109124	0	0
9787512109131	0	0
9787512109162	0	0
9787512109179	0	0
9787512109186	362	0
9787512109193	132	576
9787512109209	0	0
9787512109216	261	137
9787512109254	171	50
9787512109285	112	1296
9787512109292	392	0
9787512109308	281	566
9787512109315	371	84
9787512109346	0	0
9787512109377	271	27
9787512109391	F1	1731
9787512109438	112	1
9787512109469	381	229
9787512109513	0	0
9787512109599	292	115
9787512109650	311	916
9787512109667	0&&F1	0
9787512109674	071	494
9787512109704	412	295
9787512109711	302	5
9787512109728	302	8
9787512109780	101	60
9787512109797	181	126
9787512109803	241	432
9787512109810	311	1045
9787512109834	0	0
9787512109872	121	179
9787512109995	092	420
9787512110021	211	543
9787512110038	151	740
9787512110090	421	37
9787512110113	091	510
9787512110137	281	211
9787512110144	231	205
9787512110151	172	356
9787512110175	301	406
9787512110243	0	0
9787512110274	401	771
9787512110281	381	890
9787512110311	171	123
9787512110359	011	1
9787512110366	081	386
9787512110373	0	0
9787512110380	0	0
9787512110397	0	0
9787512110410	411&&421	742
9787512110441	041	321
9787512110496	201	423
9787512110557	381	562
9787512110601	101	168
9787512110724	0	0
9787512110762	021&&041	726
9787512110779	321	385
9787512110816	261	405
9787512110854	161	641
9787512110946	251	528
9787512111011	282	966
9787512111028	051	662
9787512111035	341	399
9787512111042	111	0
9787512111110	312	962
9787512111127	271	258
9787512111165	081	58
9787512111189	061&&391	431
9787512111240	301	174
9787512111325	111	666
9787512111332	182	0
9787512111363	332	689
9787512111370	231	268
9787512111387	381	0
9787512111394	072	246
9787512111400	131	301
9787512111417	061	296
9787512111479	151	1250
9787512111486	291	974
9787512111493	062	759
9787512111530	211	922
9787512111561	132	595
9787512111585	351	325
9787512111592	171	185
9787512111615	401	1
9787512111646	142	489
9787512111677	361	426
9787512111707	111	106
9787512111721	021	3
9787512111745	181	225
9787512111752	251	3
9787512111769	181	849
9787512111776	101	897
9787512111806	281	433
9787512111813	022	627
9787512111899	251	208
9787512111929	132	3
9787512111936	122	334
9787512111943	132	44
9787512111950	291	335
9787512111967	211	342
9787512111974	271	215
9787512111981	092	488
9787512111998	381	684
9787512112049	0	0
9787512112070	0	0
9787512112087	371	787
9787512112162	251	1
9787512112179	121	640
9787512112193	411	396
9787512112216	151	342
9787512112247	0	0
9787512112278	362	68
9787512112285	401	389
9787512112308	391	652
9787512112315	251	282
9787512112322	071	379
9787512112346	141	915
9787512112353	392	4
9787512112360	211	596
9787512112391	351	17
9787512112407	051	613
9787512112414	021	230
9787512112421	042	334
9787512112438	432	448
9787512112445	051	252
9787512112452	211	710
9787512112469	221	707
9787512112490	381	1
9787512112506	341	182
9787512112513	0	64
9787512112520	241	350
9787512112551	151	105
9787512112636	422	155
9787512112643	311	211
9787512112667	292	443
9787512112674	372	355
9787512112681	351	616
9787512112704	281	494
9787512112711	211&&F1默认	1373
9787512112827	042	1001
9787512112858	432	450
9787512112872	261	342
9787512112896	221	414
9787512112933	432	24
9787512112957	152&&191	1944
9787512112964	052&&181	2745
9787512112971	162	608
9787512112995	341	892
9787512113060	372	0
9787512113077	391	898
9787512113084	351	497
9787512113091	081	316
9787512113107	271	469
9787512113114	311	161
9787512113121	091	678
9787512113152	281	477
9787512113190	132	0
9787512113206	361	3
9787512113213	161	183
9787512113244	091	963
9787512113251	382	477
9787512113268	101	277
9787512113282	262	206
9787512113299	322	190
9787512113305	261	673
9787512113312	361	27
9787512113329	381	400
9787512113343	142	210
9787512113381	131	928
9787512113428	241&&F1默认	819
9787512113435	041&&232	1438
9787512113442	032&&F1	2639
9787512113459	291	166
9787512113466	392	523
9787512113480	291	566
9787512113565	362	0
9787512113572	081	258
9787512113589	161	651
9787512113596	011	1396
9787512113626	321	108
9787512113701	061	652
9787512113718	322	161
9787512113725	301	647
9787512113749	251	115
9787512113756	301	207
9787512113770	121	460
9787512113794	071	0
9787512113800	331	0
9787512113817	212	445
9787512113824	151	965
9787512113831	111	785
9787512113848	052	274
9787512113893	231	238
9787512113909	392	497
9787512113916	022	198
9787512114036	431	0
9787512114043	071	600
9787512114098	412	27
9787512114104	211	692
9787512114159	181	432
9787512114227	381	321
9787512114258	351	307
9787512114265	111	505
9787512114272	101	509
9787512114289	402	620
9787512114319	052	488
9787512114340	191	202
9787512114364	382	651
9787512114371	211	624
9787512114395	0&&M1	1084
9787512114463	0	0
9787512114470	311	648
9787512114623	352	0
9787512114647	421	352
9787512114692	251	185
9787512114708	332	194
9787512114715	241	176
9787512114760	131	506
9787512114814	352	475
9787512114869	441	192
9787512114883	341	507
9787512114906	372	1
9787512114937	421	406
9787512114982	321	537
9787512114999	361	313
9787512115002	332	635
9787512115101	361	0
9787512115118	392	429
9787512115149	402	620
9787512115194	251	767
9787512115262	0&&221	476
9787512115330	362	283
9787512115354	111	725
9787512115361	0	0
9787512115392	221	473
9787512115408	381	492
9787512115453	051	414
9787512115477	341	509
9787512115507	421	392
9787512115552	061	605
9787512115590	031	519
9787512115606	262	672
9787512115613	171	327
9787512115644	042	0
9787512115668	411	369
9787512115675	251	0
9787512115699	281	376
9787512115729	172	24
9787512115736	162	0
9787512115743	351	590
9787512115798	342	712
9787512115804	022	261
9787512115811	352	494
9787512115835	132	233
9787512115842	371	943
9787512115859	052	530
9787512115880	172	670
9787512115897	332	148
9787512115910	272	486
9787512115927	252	87
9787512115934	191	564
9787512115958	252	0
9787512115965	172	64
9787512115972	252	466
9787512115989	272	383
9787512115996	122	518
9787512116047	412	378
9787512116054	132	318
9787512116061	172	521
9787512116078	142&&F1默认	0
9787512116122	152	413
9787512116153	352	381
9787512116184	412	0
9787512116191	282	81
9787512116276	172	31
9787512116313	052&&F1默认	351
9787512116320	422	1
9787512116351	272	287
9787512116368	072	801
9787512116382	412	32
9787512116399	331	362
9787512116566	062	402
9787512116580	032	72
9787512116597	111	214
9787512116603	261	400
9787512116665	341	666
9787512116689	282	0
9787512116696	401&&F1默认	1104
9787512116818	212	1186
9787512116856	262	294
9787512116887	101	487
9787512116894	312	452
9787512117013	0	0
9787512117020	281	111
9787512117037	252&&352	0
9787512117044	052	253
9787512117143	282&&352	706
9787512117150	071	851
9787512117181	172&&351	805
9787512117198	371	286
9787512117242	041	575
9787512117259	0&&411	560
9787512117280	272	497
9787512117297	091	581
9787512117303	401	1553
9787512117310	361	1930
9787512117341	122	371
9787512117358	072	561
9787512117389	161	1406
9787512117419	071	946
9787512117426	321	584
9787512117433	362	4
9787512117440	422	57
9787512117501	271	488
9787512117518	252	190
9787512117532	082	28
9787512117549	232	345
9787512117594	301	339
9787512117655	342	581
9787512117662	041	251
9787512117686	282	407
9787512117693	141	597
9787512117747	012	639
9787512117754	302	848
9787512117914	252	0
9787512117921	282	341
9787512117945	031	946
9787512117969	362	495
9787512118010	091	632
9787512118065	392	677
9787512118072	292	590
9787512118119	252	683
9787512118164	231&&232	932
9787512118171	232	198
9787512118188	181	495
9787512118195	091	796
9787512118225	322	757
9787512118270	232	615
9787512118300	321	695
9787512118379	151	638
9787512118454	301	600
9787512118492	051	190
9787512118539	081	1030
9787512118607	221	993
9787512118614	141	1008
9787810820004	193&&O2	230
9787810820011	F1	0
9787810820035	60&&F1	0
9787810820042	063	0
9787810820059	402	0
9787810820066	F1	0
9787810820073	163	0
9787810820080	402	0
9787810820082	F1	0
9787810820083	F1	0
9787810820097	143&&O1	190
9787810820103	F1&&F1默认	0
9787810820110	133	0
9787810820127	F1	0
9787810820134	F1	0
9787810820141	033	0
9787810820158	162	0
9787810820165	F1	0
9787810820172	392	0
9787810820189	E1&&F1	26
9787810820196	362	0
9787810820202	402	0
9787810820219	402&&70	0
9787810820226	392	0
9787810820233	F1	0
9787810820240	062&&P2	225
9787810820257	163	0
9787810820271	F1	0
9787810820288	272	0
9787810820295	F1	0
9787810820301	F1	0
9787810820318	402	0
9787810820325	153&&F1	0
9787810820332	F1	0
9787810820349	163	0
9787810820370	163	0
9787810820387	F1	0
9787810820394	342	0
9787810820400	F1	0
9787810820417	F1&&L2	133
9787810820424	F1	0
9787810820431	F1	0
9787810820448	F1	0
9787810820455	F1	0
9787810820462	F1	0
9787810820479	411	0
9787810820486	F1	0
9787810820493	321	0
9787810820509	F1	0
9787810820516	0	0
9787810820523	313	0
9787810820530	211&&252	3
9787810820547	382	0
9787810820554	F1	0
9787810820561	123&&F1默认	27
9787810820578	163	46
9787810820585	402	0
9787810820592	153	0
9787810820608	111&&F1	216
9787810820615	F1	0
9787810820622	143&&171&&E1	26
9787810820639	462	0
9787810820646	F1	0
9787810820653	332	54
9787810820660	183&&M2	200
9787810820677	412	0
9787810820684	152&&273	0
9787810820707	153	0
9787810820714	193	0
9787810820721	153	0
9787810820738	153&&N2	372
9787810820745	F1	0
9787810820752	352	0
9787810820761	F1	0
9787810820776	392	0
9787810820783	313&&321&&322	40
9787810820790	251&&262	191
9787810820806	402	0
9787810820813	711	200
9787810820820	091&&462	347
9787810820837	242&&363	193
9787810820844	402	0
9787810820851	F1	0
9787810820868	053	0
9787810820875	402	0
9787810820882	402	0
9787810820899	402	0
9787810820905	F1	0
9787810820912	F1	0
9787810820929	153	0
9787810820943	103	0
9787810820950	343	0
9787810820967	263	0
9787810820974	413	0
9787810820981	98	0
9787810820998	312	0
9787810821001	0&&701	11
9787810821018	373	0
9787810821025	263	0
9787810821032	232	0
9787810821049	332	0
9787810821056	203	0
9787810821063	132&&J1	13
9787810821070	332&&M2	130
9787810821087	261	0
9787810821094	231	43
9787810821100	301	0
9787810821117	391&&403	18
9787810821124	F1	0
9787810821131	322	71
9787810821148	352	293
9787810821155	F1	0
9787810821162	402	0
9787810821179	442	0
9787810821186	192	59
9787810821193	F1	0
9787810821209	241	0
9787810821216	F1	0
9787810821223	363	0
9787810821230	403	65
9787810821247	F1	0
9787810821254	363	0
9787810821261	F1&&M2	36
9787810821278	F1	0
9787810821285	311	0
9787810821292	601	0
9787810821308	402	0
9787810821315	073	0
9787810821322	F1	0
9787810821339	F1&&N1	572
9787810821346	083&&E1	6
9787810821353	183	0
9787810821360	183&&P2	185
9787810821377	032	0
9787810821384	F1	0
9787810821391	402	0
9787810821407	392	0
9787810821414	402	0
9787810821421	213	0
9787810821438	223	0
9787810821445	111	0
9787810821452	083	0
9787810821476	281	686
9787810821483	192	1
9787810821490	492	0
9787810821506	423	0
9787810821513	F1	0
9787810821520	402	0
9787810821537	102	54
9787810821544	F1	0
9787810821551	042&&O1	79
9787810821568	211&&212&&221&&F1	781
9787810821575	153&&G1	98
9787810821582	402	0
9787810821599	211	37
9787810821605	212	0
9787810821612	162&&183	169
9787810821629	301	0
9787810821636	471	0
9787810821643	063&&E1	190
9787810821667	302	0
9787810821674	143	21
9787810821681	411&&F1&&P2	200
9787810821698	272	0
9787810821704	052	0
9787810821711	173	0
9787810821728	131&&391	128
9787810821735	022&&F1默认	102
9787810821742	402	0
9787810821759	231	255
9787810821766	561	0
9787810821773	342&&P2	200
9787810821780	392	0
9787810821797	273	0
9787810821803	403	0
9787810821810	302	0
9787810821827	F1	0
9787810821834	423	0
9787810821841	F1&&P2	200
9787810821858	222	0
9787810821865	403	0
9787810821872	F1&&N1	162
9787810821889	083	0
9787810821896	323	180
9787810821902	F1	0
9787810821919	F1	0
9787810821926	F1	0
9787810821933	F1	127
9787810821940	063&&C1	200
9787810821957	223	0
9787810821964	053	0
9787810821971	073	0
9787810821988	423	0
9787810821995	181	0
9787810822008	363	8
9787810822015	173&&F1默认	0
9787810822022	203	0
9787810822039	013	0
9787810822046	081	0
9787810822053	182	0
9787810822060	F1	0
9787810822077	383&&O1	156
9787810822084	392	0
9787810822091	F1	0
9787810822107	402	0
9787810822114	392	0
9787810822121	391	0
9787810822138	092	0
9787810822145	293&&O2	68
9787810822152	F1	0
9787810822169	F1	292
9787810822176	223	0
9787810822183	333	0
9787810822190	242	183
9787810822206	233	0
9787810822213	401	0
9787810822220	032	0
9787810822237	193	0
9787810822244	162&&263	0
9787810822251	392	0
9787810822268	192	0
9787810822275	123	10
9787810822282	651	0
9787810822299	372&&G1	40
9787810822305	192	0
9787810822312	123	0
9787810822329	671	64
9787810822336	091	28
9787810822343	293	0
9787810822350	163	0
9787810822367	153	0
9787810822374	363	0
9787810822381	413	0
9787810822398	422	0
9787810822404	F1	1146
9787810822411	F1	0
9787810822428	402	0
9787810822435	F1	0
9787810822442	163	0
9787810822459	142	0
9787810822466	412	0
9787810822473	373	0
9787810822497	231&&F1	6
9787810822503	353&&J1	235
9787810822510	482	0
9787810822527	071&&O2	210
9787810822534	F1&&J1	23
9787810822541	363	196
9787810822558	321&&323	57
9787810822565	351	0
9787810822572	011	2
9787810822589	343&&F1默认	0
9787810822596	343	0
9787810822602	173	4
9787810822619	293	200
9787810822626	231	0
9787810822633	273&&F1默认	0
9787810822640	183	0
9787810822657	343	0
9787810822664	072&&F1默认	0
9787810822671	671	42
9787810822688	132	140
9787810822695	163&&F1默认	18
9787810822701	F1	0
9787810822718	401	0
9787810822725	F1	0
9787810822732	203	44
9787810822749	082	140
9787810822756	133	0
9787810822763	272&&F1默认	0
9787810822770	321	353
9787810822787	193	0
9787810822794	511	0
9787810822800	082	0
9787810822817	031&&F1	90
9787810822824	172&&L2	188
9787810822831	182	0
9787810822848	F1&&J2	163
9787810822855	042	0
9787810822862	222&&F1	18
9787810822879	353	78
9787810822886	413	359
9787810822893	391	0
9787810822909	461&&462	107
9787810822916	363&&M1	200
9787810822923	281	237
9787810822930	403	0
9787810822947	222	0
9787810822954	353	1
9787810822961	013	0
9787810822978	072	0
9787810822985	A1&&F1	26
9787810822992	173&&F1	33
9787810823005	153	0
9787810823012	043	0
9787810823029	292&&O2	457
9787810823036	243&&F1	0
9787810823043	193	0
9787810823050	292	29
9787810823067	313	0
9787810823074	332	0
9787810823081	253	0
9787810823098	042	0
9787810823104	153	34
9787810823111	262&&283&&E2	73
9787810823128	321	0
9787810823135	153&&O2	200
9787810823142	F1	0
9787810823159	253	0
9787810823166	372	0
9787810823173	F1&&M2	15
9787810823180	403	197
9787810823197	343&&O1	194
9787810823203	333	0
9787810823210	671	0
9787810823227	072	0
9787810823234	123	26
9787810823241	023	0
9787810823258	173	0
9787810823265	212&&372	0
9787810823272	163	0
9787810823289	363	0
9787810823296	171	0
9787810823302	233&&241	0
9787810823319	292	60
9787810823326	403	0
9787810823333	F1	0
9787810823340	281	0
9787810823357	0&&332&&M1	252
9787810823364	153&&A1	25
9787810823371	173	5
9787810823388	291&&F1默认	1267
9787810823395	F1	0
9787810823401	173	63
9787810823418	133&&P2	10
9787810823425	393	0
9787810823432	223&&N1	200
9787810823449	363	21
9787810823456	023	0
9787810823463	372&&F1默认	130
9787810823470	352	0
9787810823487	361	62
9787810823494	273	0
9787810823500	052&&M1	411
9787810823517	403&&L2	200
9787810823524	093	0
9787810823531	212	0
9787810823548	363	0
9787810823555	F1	0
9787810823562	122&&A1	444
9787810823579	351	0
9787810823586	F1	0
9787810823593	F1	0
9787810823609	032	19
9787810823616	383	0
9787810823623	351	0
9787810823630	033	0
9787810823647	F1	0
9787810823654	403	14
9787810823661	432	14
9787810823678	192	246
9787810823685	042	0
9787810823692	013&&363	0
9787810823708	291	0
9787810823715	402&&F1默认	0
9787810823722	183	23
9787810823739	292	0
9787810823746	332&&O1	213
9787810823753	F1	0
9787810823760	393	0
9787810823777	461	23
9787810823784	382	0
9787810823791	193&&E2	362
9787810823807	043&&O2	76
9787810823814	402&&O2	125
9787810823821	342&&E1	200
9787810823838	353	0
9787810823845	113&&P2	48
9787810823852	242&&F1默认	49
9787810823869	362	0
9787810823876	183	12
9787810823883	393	0
9787810823890	222	0
9787810823906	032	0
9787810823913	F1	53
9787810823920	271	0
9787810823937	291&&F1	596
9787810823944	153&&P2	84
9787810823951	F1	0
9787810823968	333	0
9787810823975	182&&B1	99
9787810823982	352	0
9787810823999	F1	0
9787810824002	011	0
9787810824019	262&&263	0
9787810824026	323	0
9787810824033	153	0
9787810824040	721	0
9787810824057	251	0
9787810824064	382	0
9787810824071	F1	0
9787810824088	142&&L1	210
9787810824095	402	0
9787810824101	252	0
9787810824118	233	0
9787810824125	273	0
9787810824132	213	0
9787810824149	213&&L1	250
9787810824156	082	0
9787810824163	403	0
9787810824170	343	82
9787810824187	353	0
9787810824194	252	0
9787810824200	B2&&F1	40
9787810824217	272	0
9787810824224	153	0
9787810824231	243	47
9787810824248	353	12
9787810824255	242&&243	0
9787810824262	F1	0
9787810824279	F1	0
9787810824286	401&&403	0
9787810824293	F1	0
9787810824309	093	0
9787810824316	272&&E1	370
9787810824323	F1	0
9787810824330	163	0
9787810824347	123	2
9787810824354	392	0
9787810824361	012	0
9787810824378	163	19
9787810824385	651	0
9787810824392	232	87
9787810824408	213	0
9787810824415	163	8
9787810824422	353	0
9787810824439	241&&671&&N2	911
9787810824446	103	0
9787810824453	392	0
9787810824460	041	4
9787810824477	322	5
9787810824484	103	0
9787810824491	223	286
9787810824507	241	218
9787810824514	212	0
9787810824521	362	0
9787810824538	F1&&O1	140
9787810824545	F1&&L1	25
9787810824552	142	0
9787810824569	043	0
9787810824576	422	87
9787810824583	233	58
9787810824590	152	0
9787810824606	293	0
9787810824613	272&&282&&283	0
9787810824620	122&&E2	158
9787810824637	152	0
9787810824644	412	0
9787810824651	153	8
9787810824668	F1	0
9787810824675	103&&C1	1905
9787810824682	023	0
9787810824699	032	0
9787810824705	192&&391	0
9787810824712	F1&&G1	64
9787810824729	313&&N2	200
9787810824736	032	0
9787810824743	F1	0
9787810824750	383	0
9787810824767	142	8
9787810824774	163	16
9787810824781	F1	0
9787810824798	103	0
9787810824804	302	819
9787810824811	101	0
9787810824828	333	0
9787810824835	173&&F1	0
9787810824842	093	0
9787810824859	152	0
9787810824866	402	0
9787810824873	303	0
9787810824880	123	42
9787810824897	093	0
9787810824903	163&&F1	8
9787810824910	251	0
9787810824927	392	19
9787810824934	383&&N1	102
9787810824941	F1	0
9787810824958	382	0
9787810824965	301	0
9787810824972	073	0
9787810824989	163	0
9787810824996	F1	0
9787810825009	153	13
9787810825016	073&&211	40
9787810825023	203	0
9787810825030	163	0
9787810825047	152&&M2	44
9787810825054	243	0
9787810825061	F1	0
9787810825078	021&&321&&F1默认	0
9787810825085	393&&O2	264
9787810825092	192&&F1	41
9787810825108	113	0
9787810825115	202	0
9787810825122	113	0
9787810825139	132	0
9787810825146	073	0
9787810825153	323&&J1	87
9787810825160	241&&243	77
9787810825177	022	0
9787810825184	461	0
9787810825191	383	0
9787810825207	F1&&M2	35
9787810825214	021&&411	0
9787810825221	123&&F1	50
9787810825238	103	0
9787810825245	383&&O1	200
9787810825252	F1	0
9787810825269	193&&P2	86
9787810825276	423	22
9787810825283	423	0
9787810825290	091&&O1	200
9787810825306	163&&O2	200
9787810825313	041	372
9787810825320	113&&O2	275
9787810825337	163	8
9787810825344	143	24
9787810825351	251	0
9787810825368	303	0
9787810825375	053	0
9787810825382	223	0
9787810825399	193	0
9787810825405	431	0
9787810825412	223&&M2	40
9787810825429	113	0
9787810825436	113	0
9787810825443	113	0
9787810825450	F1	0
9787810825467	282	0
9787810825474	063	0
9787810825481	393	0
9787810825498	413	0
9787810825504	203	0
9787810825511	F1	0
9787810825528	142	403
9787810825535	183	16
9787810825542	353	17
9787810825559	402	0
9787810825566	223	0
9787810825573	403&&F1	0
9787810825580	373	57
9787810825597	241	0
9787810825603	303	0
9787810825610	112&&203	284
9787810825627	F1	43
9787810825634	293	0
9787810825641	283	168
9787810825658	213&&P2	75
9787810825665	393	0
9787810825672	252	0
9787810825689	511	0
9787810825696	093	0
9787810825702	333	0
9787810825719	F1	0
9787810825726	253&&O2	478
9787810825733	163	0
9787810825740	162&&L2	210
9787810825757	213	0
9787810825764	253	0
9787810825771	181&&182	0
9787810825788	322	0
9787810825795	111	0
9787810825801	382	0
9787810825818	F1	0
9787810825825	332	0
9787810825832	F1&&K2	200
9787810825849	163&&A1	54
9787810825856	042	0
9787810825863	072&&211	0
9787810825870	173	8
9787810825887	333	0
9787810825894	402	0
9787810825900	232	0
9787810825917	342&&O1	101
9787810825924	651	0
9787810825931	511&&F1默认	0
9787810825948	F1	0
9787810825955	383	0
9787810825962	F1	0
9787810825979	223	0
9787810825986	011&&B1	1240
9787810825993	223&&B2	53
9787810826006	363	1
9787810826013	372	0
9787810826020	353&&O1	200
9787810826037	363	0
9787810826044	343	40
9787810826051	253&&M2	497
9787810826068	271	0
9787810826075	413	0
9787810826082	313	12
9787810826099	221&&F1	272
9787810826105	172	77
9787810826112	253&&A1	29
9787810826129	243&&N1	200
9787810826136	362&&E1	200
9787810826143	142	0
9787810826150	651	16
9787810826167	132	0
9787810826174	233	0
9787810826181	072&&F1	0
9787810826198	291	0
9787810826204	393&&P2	80
9787810826211	061	0
9787810826228	F1	0
9787810826235	F1	0
9787810826242	F1	0
9787810826259	122	1
9787810826266	133	37
9787810826273	013	0
9787810826280	333	0
9787810826297	203	11
9787810826303	F1	0
9787810826310	373	23
9787810826327	363	133
9787810826334	711	34
9787810826341	152	0
9787810826358	132&&A1	9
9787810826365	232	0
9787810826372	152&&A1	14
9787810826389	132	0
9787810826396	251&&F1默认	0
9787810826402	591&&O1	200
9787810826419	333	0
9787810826426	223&&N2	134
9787810826433	121&&J2	513
9787810826440	353	0
9787810826457	242	0
9787810826464	082	0
9787810826471	131	0
9787810826488	381	96
9787810826495	351	0
9787810826501	152	0
9787810826518	263	0
9787810826525	233	0
9787810826532	162	0
9787810826549	193&&F1	13
9787810826556	172	0
9787810826563	103	0
9787810826570	273	0
9787810826587	352	351
9787810826594	312	0
9787810826600	063&&L1	37
9787810826617	132	0
9787810826624	121	0
9787810826631	181	0
9787810826648	053	0
9787810826655	023	0
9787810826662	123	5
9787810826679	223	0
9787810826686	042&&372	484
9787810826693	183	62
9787810826709	111&&F1	0
9787810826716	461	0
9787810826723	132	0
9787810826730	153	0
9787810826747	363&&B2	4
9787810826754	292	0
9787810826761	183	17
9787810826778	203	0
9787810826785	153	16
9787810826792	323	0
9787810826808	183	14
9787810826815	043	0
9787810826822	362	0
9787810826839	062&&K2	41
9787810826846	422	0
9787810826853	143	0
9787810826860	272	0
9787810826877	222	29
9787810826884	172	0
9787810826891	052	0
9787810826907	412	0
9787810826914	313	0
9787810826921	062	0
9787810826938	591	0
9787810826945	F1	0
9787810826952	333	0
9787810826969	F1	92
9787810826976	183	51
9787810826983	241&&L1	130
9787810826990	443	0
9787810827003	591	35
9787810827010	282	0
9787810827027	372	1
9787810827034	241&&F1	14
9787810827041	393	13
9787810827058	133&&F1默认	39
9787810827065	392&&F1&&N2	426
9787810827072	162	0
9787810827089	362	0
9787810827096	131	0
9787810827102	212	0
9787810827119	421	0
9787810827126	133	0
9787810827133	153	0
9787810827140	133	0
9787810827157	221&&F1	140
9787810827164	232	81
9787810827171	F1	0
9787810827188	023	0
9787810827195	153	0
9787810827201	313	157
9787810827218	153	0
9787810827225	0&&153	0
9787810827232	202	0
9787810827249	143	0
9787810827256	351	0
9787810827263	164	0
9787810827270	163	0
9787810827287	133	0
9787810827294	192	82
9787810827300	143	0
9787810827317	301	0
9787810827324	382	0
9787810827331	F1&&M2	62
9787810827348	153	0
9787810827355	293&&L1	63
9787810827362	143	0
9787810827379	262	0
9787810827386	143	0
9787810827393	172	0
9787810827409	222	50
9787810827416	232	151
9787810827423	461	846
9787810827430	093&&M2	52
9787810827447	F1	0
9787810827454	082	0
9787810827461	342&&O1	218
9787810827478	153	10
9787810827485	143&&8.75121e+010&&F1默认	9
9787810827492	252	9
9787810827508	F1	0
9787810827515	422	0
9787810827522	173	0
9787810827539	373&&P2	200
9787810827546	393	0
9787810827553	193	0
9787810827560	352	0
9787810827577	133	0
9787810827584	F1	0
9787810827591	202	0
9787810827607	163	0
9787810827614	133	0
9787810827621	163&&F1	39
9787810827638	153	0
9787810827645	153	0
9787810827652	163	0
9787810827669	F1	0
9787810827676	322	0
9787810827683	F1	15
9787810827690	443	44
9787810827706	342	0
9787810827713	343	0
9787810827720	203	18
9787810827737	092	320
9787810827744	133	16
9787810827751	651&&F1默认	13
9787810827768	343	0
9787810827775	442	0
9787810827782	272	0
9787810827799	183	10
9787810827805	312	322
9787810827812	F1	0
9787810827829	F1	0
9787810827836	F1	0
9787810827843	183	0
9787810827850	153	0
9787810827867	F1	0
9787810827874	233	0
9787810827881	013	0
9787810827898	381&&J1	210
9787810827904	321&&F1	166
9787810827911	211	0
9787810827928	341	1
9787810827935	421	0
9787810827942	232&&L1	125
9787810827959	163	0
9787810827966	143	0
9787810827973	153	0
9787810827980	143	0
9787810827997	133	0
9787810828000	282	0
9787810828017	133	0
9787810828024	203	0
9787810828031	133	0
9787810828048	383&&L1	200
9787810828055	112	0
9787810828062	103&&N2	80
9787810828079	032	39
9787810828086	382	97
9787810828093	F1	0
9787810828109	063	0
9787810828116	312	4
9787810828123	133	0
9787810828130	363	0
9787810828147	412	0
9787810828154	143	0
9787810828161	143	0
9787810828178	343	0
9787810828185	013	0
9787810828192	153	20
9787810828208	492	4
9787810828215	373	0
9787810828222	133	0
9787810828239	F1	0
9787810828246	412	0
9787810828253	153	0
9787810828260	403&&P2	205
9787810828277	293	0
9787810828284	651	0
9787810828291	133	0
9787810828307	103	20
9787810828314	412	0
9787810828321	391	0
9787810828338	F1	316
9787810828345	393&&F1	43
9787810828352	123	35
9787810828369	262	0
9787810828376	193	0
9787810828383	153	0
9787810828390	413	0
9787810828406	571	734
9787810828413	273&&O1	200
9787810828420	331	212
9787810828437	233	0
9787810828444	143	28
9787810828451	173	0
9787810828468	F1	0
9787810828475	F1	0
9787810828482	193	0
9787810828499	143	0
9787810828505	373	130
9787810828512	253	0
9787810828529	331	0
9787810828536	353	0
9787810828543	373	0
9787810828550	243&&O1	116
9787810828567	331	332
9787810828574	202	0
9787810828581	052&&382	0
9787810828598	302	354
9787810828604	F1	0
9787810828611	253	0
9787810828628	072	0
9787810828635	322	19
9787810828642	332	0
9787810828659	243	0
9787810828666	153	0
9787810828673	382	0
9787810828680	133	0
9787810828697	133	2
9787810828703	183	0
9787810828710	253	0
9787810828727	381	0
9787810828734	172	0
9787810828741	053	0
9787810828758	312	0
9787810828765	282	0
9787810828772	021	0
9787810828789	402	0
9787810828796	212	0
9787810828802	671	0
9787810828819	372	0
9787810828826	242	0
9787810828833	153	0
9787810828840	F1	0
9787810828857	213	0
9787810828864	F1	0
9787810828871	371	86
9787810828888	262	67
9787810828895	581	18
9787810828901	581	0
9787810828918	172&&251	505
9787810828925	081	0
9787810828932	F1&&M2	16
9787810828949	212	0
9787810828956	143	28
9787810828967	F1	0
9787810828970	313	0
9787810828987	392	0
9787810828994	112	685
9787810829007	282&&502	0
9787810829014	043	0
9787810829021	142	0
9787810829038	133	0
9787810829045	312	0
9787810829052	211&&212	53
9787810829069	251&&F1默认	0
9787810829076	381	0
9787810829083	253	71
9787810829090	F1&&J1	3
9787810829106	163&&F1	67
9787810829113	212&&J1	22
9787810829120	181	0
9787810829137	312&&A1	54
9787810829144	392&&O2	312
9787810829151	301	0
9787810829168	393	0
9787810829175	173	8
9787810829182	382	0
9787810829199	052	351
9787810829205	F1	0
9787810829212	422	217
9787810829229	133	0
9787810829236	261	0
9787810829243	192	0
9787810829250	163	0
9787810829267	212	0
9787810829274	133	8
9787810829281	581	0
9787810829298	311	538
9787810829304	302&&322	1042
9787810829311	253	0
9787810829328	F1	0
9787810829335	133	0
9787810829342	133	0
9787810829359	143	0
9787810829366	701	0
9787810829373	212	0
9787810829380	223	0
9787810829397	253	0
9787810829403	371	0
9787810829410	162	198
9787810829427	F1	15
9787810829434	222	0
9787810829441	192&&381	10
9787810829458	333	2
9787810829465	172	0
9787810829472	213	0
9787810829489	651	0
9787810829496	102	0
9787810829502	211	0
9787810829519	F1	0
9787810829526	581	0
9787810829533	403	1
9787810829540	143	3
9787810829557	133	0
9787810829564	143	0
9787810829571	153	5
9787810829588	272	0
9787810829595	012	0
9787810829601	292&&E2	90
9787810829618	373	0
9787810829625	322	0
9787810829632	491	0
9787810829649	143	0
9787810829656	251&&261	188
9787810829663	271	13
9787810829670	143	0
9787810829687	251	152
9787810829694	253	0
9787810829700	302	0
9787810829717	143	0
9787810829724	011	0
9787810829731	F1&&K2	127
9787810829748	242	0
9787810829755	092	200
9787810829762	F1	0
9787810829779	143	0
9787810829786	301	0
9787810829793	392	0
9787810829809	282	0
9787810829816	143	20
9787810829823	423&&F1默认	0
9787810829830	302	0
9787810829847	303	0
9787810829854	073	0
9787810829861	401	205
9787810829878	403	0
9787810829885	271	0
9787810829892	362	0
9787810829908	591	0
9787810829915	092	0
9787810829922	671&&K2	441
9787810829939	322	0
9787810829946	051	13
9787810829953	322&&491	0
9787810829960	273	0
9787810829977	291	0
9787810829984	263	17
9787810829991	102	0
978781082B007	F1	0
978781082B012	F1	0
978781082B024	F1	0
978781082B026	F1	0
978781082B030	F1	0
978781082B034	F1	0
978781082B037	F1	0
978781082B03B	F1	0
978781082B041	F1	0
978781082B042	F1	0
978781082B072	F1	0
978781082B073	F1	0
978781082B074	F1	0
978781082B076	F1	0
978781082B077	F1	0
978781082B078	F1	0
978781082B079	F1	0
978781082B080	F1	0
978781082B27B	F1	0
978781082BQH0	F1	0
9787811230000	251	146
9787811230017	F1	1199
9787811230024	042	0
9787811230031	401	1548
9787811230048	312&&O2	140
9787811230055	202	0
9787811230062	343	0
9787811230079	143	0
9787811230086	133	0
9787811230093	143	0
9787811230109	133	0
9787811230116	133	0
9787811230123	143	0
9787811230130	133	1
9787811230147	143	0
9787811230154	143	0
9787811230161	133	0
9787811230178	133	0
9787811230185	133	0
9787811230192	143	0
9787811230208	143	0
9787811230215	143	0
9787811230222	133	0
9787811230239	011	0
9787811230246	042	58
9787811230253	082	0
9787811230260	022	0
9787811230277	183	0
9787811230284	111	0
9787811230291	031	0
9787811230307	183	36
9787811230314	203	14
9787811230321	F1	637
9787811230338	313	0
9787811230345	051	0
9787811230352	362	232
9787811230369	331	0
9787811230376	311	584
9787811230383	133	0
9787811230390	133	1
9787811230406	143	0
9787811230413	F1	0
9787811230420	153	0
9787811230437	143	0
9787811230444	382	140
9787811230451	092	0
9787811230468	261&&A1	1
9787811230475	293	0
9787811230482	222	199
9787811230499	153	10
9787811230505	153	0
9787811230512	383	0
9787811230529	162	284
9787811230536	213&&O2	371
9787811230543	423	20
9787811230550	321&&J2	349
9787811230567	133	0
9787811230574	461	0
9787811230581	402	47
9787811230598	232	0
9787811230604	321&&E1	200
9787811230611	111	0
9787811230628	333	153
9787811230635	271	0
9787811230642	133	0
9787811230659	143	0
9787811230666	133	0
9787811230673	393	0
9787811230680	153	0
9787811230697	082	581
9787811230703	F1	1447
9787811230710	212	0
9787811230727	122&&O1	242
9787811230734	102	0
9787811230741	332	0
9787811230758	322	25
9787811230765	322	0
9787811230772	163	0
9787811230789	302	0
9787811230796	133	0
9787811230802	423	0
9787811230819	292	0
9787811230826	173	6
9787811230833	011	0
9787811230840	353	0
9787811230857	421&&441	1297
9787811230864	143	0
9787811230871	143	0
9787811230888	133	0
9787811230895	133	0
9787811230901	133	0
9787811230918	F1	0
9787811230925	133	0
9787811230932	143	0
9787811230949	133	0
9787811230956	143	0
9787811230963	143	0
9787811230970	313	0
9787811230987	153	0
9787811230994	282	0
9787811231007	122	41
9787811231014	591	0
9787811231021	F1	372
9787811231038	292&&F1默认	0
9787811231045	261	87
9787811231052	371&&393	26
9787811231069	E2&&F1	40
9787811231076	F1	0
9787811231083	032	0
9787811231090	092	0
9787811231106	092	0
9787811231113	242	0
9787811231120	271	1
9787811231137	F1	0
9787811231144	271&&E1	200
9787811231151	272	0
9787811231168	143	0
9787811231175	143	0
9787811231182	143	0
9787811231199	133	0
9787811231205	133	0
9787811231212	163	0
9787811231229	133	0
9787811231236	143	0
9787811231243	072	361
9787811231250	371	31
9787811231267	082	0
9787811231274	382	606
9787811231281	071	161
9787811231298	601	0
9787811231304	291	0
9787811231311	601	0
9787811231328	252	0
9787811231335	F1	0
9787811231342	273&&282&&F1默认	0
9787811231359	112	0
9787811231366	332	0
9787811231373	183	0
9787811231380	F1	0
9787811231397	301	0
9787811231403	102	0
9787811231410	312	0
9787811231427	222&&G1	120
9787811231434	342	86
9787811231441	302	0
9787811231458	171	0
9787811231465	173	0
9787811231472	182	0
9787811231489	141	0
9787811231496	352&&E2	168
9787811231502	291	0
9787811231519	041	0
9787811231526	321	0
9787811231533	351	0
9787811231540	233	0
9787811231557	402&&O1	282
9787811231564	073	0
9787811231571	402	0
9787811231588	373	0
9787811231595	371&&F1	240
9787811231601	212	20
9787811231618	202	128
9787811231625	332&&L1	51
9787811231632	062	0
9787811231649	411	0
9787811231656	403	0
9787811231663	083	0
9787811231670	133	0
9787811231687	261	16
9787811231694	F1	195
9787811231700	F1	0
9787811231717	231	0
9787811231724	341	0
9787811231731	143	27
9787811231748	341	156
9787811231755	223	0
9787811231762	352&&N1	252
9787811231779	333	0
9787811231786	042	0
9787811231793	302&&A1	25
9787811231809	252	2
9787811231816	312	0
9787811231823	052	0
9787811231830	F1	0
9787811231847	233	1
9787811231854	443	176
9787811231861	392	140
9787811231878	302	0
9787811231885	231	0
9787811231892	153&&F1	15
9787811231908	332	2
9787811231915	142	399
9787811231922	273	164
9787811231939	F1	90
9787811231946	082	385
9787811231953	371	417
9787811231960	302	0
9787811231977	F1&&O1	52
9787811231984	123	23
9787811231991	143	44
9787811232004	152	0
9787811232011	101	189
9787811232028	323	0
9787811232035	122	0
9787811232042	133	0
9787811232059	292	30
9787811232066	F1	0
9787811232073	123	0
9787811232080	373	12
9787811232097	102&&J1	199
9787811232103	123	11
9787811232110	123	10
9787811232127	153	125
9787811232134	211	0
9787811232141	342	0
9787811232158	472	0
9787811232165	F1	0
9787811232172	313	0
9787811232189	183	75
9787811232196	213	42
9787811232202	192	466
9787811232219	082	0
9787811232226	363&&F1	310
9787811232233	301	34
9787811232240	143	1
9787811232257	091	0
9787811232264	151	0
9787811232271	373	0
9787811232288	101	7
9787811232295	082	0
9787811232301	311	0
9787811232318	022	0
9787811232325	F1	0
9787811232332	133	0
9787811232349	F1	0
9787811232356	173	2
9787811232363	353	33
9787811232370	332	200
9787811232387	271	0
9787811232394	363	197
9787811232400	133	0
9787811232417	131&&393&&F1	0
9787811232424	061	339
9787811232431	242	0
9787811232448	311	0
9787811232455	233	0
9787811232462	373	0
9787811232479	F1	44
9787811232486	072&&O1	442
9787811232493	252	0
9787811232509	121	0
9787811232516	143	0
9787811232523	133	0
9787811232530	361	0
9787811232547	092&&O1	110
9787811232554	062	62
9787811232561	352	0
9787811232578	241	0
9787811232585	122	359
9787811232592	303	0
9787811232608	293	0
9787811232615	363	0
9787811232622	013	0
9787811232639	303	0
9787811232646	293	0
9787811232653	133	0
9787811232660	313	0
9787811232677	143	0
9787811232684	323	0
9787811232691	303	0
9787811232707	143	0
9787811232714	133	0
9787811232721	133	0
9787811232738	F1	0
9787811232745	162	200
9787811232752	051	0
9787811232776	133	0
9787811232783	441	243
9787811232790	101	0
9787811232806	031&&F1	0
9787811232813	133	0
9787811232820	303	5
9787811232837	131	0
9787811232844	051	0
9787811232851	242	222
9787811232868	303	0
9787811232875	103	0
9787811232882	571	43
9787811232899	072	27
9787811232905	312	0
9787811232912	203&&L2	583
9787811232929	322	440
9787811232936	271	0
9787811232943	241	0
9787811232950	432	0
9787811232967	361	0
9787811232974	F1	0
9787811232981	192&&F1	35
9787811232998	342	0
9787811233001	032	61
9787811233018	191	0
9787811233025	281	0
9787811233032	101&&G1	65
9787811233049	741	279
9787811233056	461&&F1默认	47
9787811233063	121	85
9787811233070	143	0
9787811233087	291	0
9787811233094	F1	0
9787811233100	151&&E1	240
9787811233117	012	90
9787811233124	221&&6	0
9787811233131	203	0
9787811233148	313	0
9787811233155	192&&P2	390
9787811233162	123	30
9787811233179	331	253
9787811233186	041	764
9787811233193	301&&M1	382
9787811233209	393	34
9787811233216	153	0
9787811233223	161	330
9787811233230	051	0
9787811233247	143	34
9787811233254	021	0
9787811233261	022&&O2	941
9787811233278	092	260
9787811233285	143	0
9787811233292	271	0
9787811233308	223	0
9787811233315	303	0
9787811233322	153	0
9787811233339	331&&F1默认	645
9787811233346	141	423
9787811233353	153	0
9787811233360	371&&393	0
9787811233377	052	0
9787811233384	412	0
9787811233391	391	0
9787811233407	143	0
9787811233414	203	0
9787811233421	221	0
9787811233438	212	0
9787811233445	133	14
9787811233452	192	90
9787811233469	071	0
9787811233476	263	0
9787811233483	141	1
9787811233490	143	0
9787811233506	153	16
9787811233513	291	0
9787811233520	651	4
9787811233537	290&&292	34
9787811233544	512	0
9787811233551	193	0
9787811233568	331&&J1	702
9787811233575	112	0
9787811233582	F1	21
9787811233599	381	0
9787811233605	282	75
9787811233612	262	127
9787811233629	671	37
9787811233636	342	110
9787811233643	211	0
9787811233650	123	6
9787811233667	153	35
9787811233674	162	196
9787811233681	152	1
9787811233698	261	178
9787811233704	431	1
9787811233711	721	0
9787811233728	133	41
9787811233735	0&&151	0
9787811233742	191&&F1	126
9787811233759	031	5
9787811233766	131	0
9787811233773	021&&M2	476
9787811233780	132	0
9787811233797	431	0
9787811233803	163	0
9787811233810	183	10
9787811233827	123&&A1	29
9787811233834	032	0
9787811233841	342	311
9787811233858	391	0
9787811233865	333	0
9787811233872	182	30
9787811233889	111	0
9787811233896	041	146
9787811233902	123	0
9787811233919	141	233
9787811233926	212	189
9787811233933	441	0
9787811233940	183&&341	348
9787811233957	091	40
9787811233964	293	111
9787811233971	131	75
9787811233988	123	27
9787811233995	112	76
9787811234008	303	0
9787811234015	382	10
9787811234022	141&&A1	338
9787811234039	271	639
9787811234046	581	0
9787811234053	261	0
9787811234060	F1	82
9787811234077	153	0
9787811234084	173	25
9787811234091	131	211
9787811234107	141	467
9787811234114	151	0
9787811234121	081	0
9787811234138	022	63
9787811234145	442	19
9787811234152	163	0
9787811234169	131	49
9787811234176	163	44
9787811234183	022	40
9787811234190	252	0
9787811234206	072	0
9787811234213	303	0
9787811234220	211	8
9787811234237	143	0
9787811234244	262	270
9787811234251	341	19
9787811234268	162	0
9787811234275	303	0
9787811234282	062	52
9787811234299	071	222
9787811234305	021&&M1	1563
9787811234312	213	4
9787811234329	133	33
9787811234336	042	89
9787811234343	133	0
9787811234350	141	0
9787811234367	163	0
9787811234374	203	0
9787811234381	153	0
9787811234398	141	35
9787811234404	252	0
9787811234411	F1	3
9787811234428	301	175
9787811234435	313	0
9787811234442	303	0
9787811234459	303	0
9787811234466	133	0
9787811234473	413	19
9787811234480	413	31
9787811234497	032	8
9787811234503	183	16
9787811234510	022	14
9787811234527	161&&J1	178
9787811234534	011	40
9787811234541	313	0
9787811234558	163	17
9787811234565	011	396
9787811234572	221	308
9787811234589	341	0
9787811234596	403	16
9787811234602	101	283
9787811234619	323	0
9787811234626	293	0
9787811234633	221	40
9787811234640	432	239
9787811234657	431	17
9787811234664	291	0
9787811234671	071	0
9787811234688	082	74
9787811234695	231	0
9787811234701	221	0
9787811234718	031&&051&&J1	2886
9787811234725	071	9
9787811234732	192	48
9787811234749	181	0
9787811234756	151	0
9787811234763	302	21
9787811234770	171	0
9787811234787	431	179
9787811234794	203&&F1	54
9787811234800	332	0
9787811234817	221&&M2	62
9787811234824	341	0
9787811234831	411	0
9787811234848	303	0
9787811234855	082&&B2	481
9787811234862	112&&661	0
9787811234879	671	0
9787811234886	313	0
9787811234893	211&&M2	299
9787811234909	022	0
9787811234916	443	21
9787811234923	201	300
9787811234930	361&&441	209
9787811234947	081	0
9787811234954	362	403
9787811234961	231&&M2	213
9787811234978	232&&F1	0
9787811234985	113	0
9787811234992	161	0
9787811235005	171	0
9787811235012	081	200
9787811235029	143&&F1默认	0
9787811235036	031	453
9787811235043	162	11
9787811235050	422	0
9787811235067	081	124
9787811235074	172&&K2	158
9787811235081	183	14
9787811235098	212&&O2	339
9787811235104	201	0
9787811235111	171&&172	42
9787811235128	402&&F1	823
9787811235135	312	595
9787811235142	431&&L1	606
9787811235159	313	0
9787811235166	123	60
9787811235173	432	298
9787811235180	201	162
9787811235197	411	0
9787811235203	432	0
9787811235210	F1	376
9787811235227	441	0
9787811235234	421	78
9787811235241	441	0
9787811235258	191&&192	32
9787811235265	163	0
9787811235272	191	0
9787811235289	441&&M1	190
9787811235296	443	20
9787811235302	292	17
9787811235319	181	17
9787811235326	432	68
9787811235333	112	0
9787811235340	191	0
9787811235357	431	433
9787811235364	201	53
9787811235371	201&&F1默认	80
9787811235388	212	0
9787811235395	442&&O2	418
9787811235401	431&&J2	345
9787811235418	442	58
9787811235425	441&&F1默认	93
9787811235432	203	18
9787811235449	441	0
9787811235456	201	0
9787811235463	211	326
9787811235470	213	40
9787811235487	182	0
9787811235494	382	0
9787811235500	211	0
9787811235517	292	0
9787811235524	393	13
9787811235531	011	0
9787811235548	192	225
9787811235555	313	0
9787811235562	233	0
9787811235579	301&&F1默认	70
9787811235586	181	0
9787811235593	422	0
9787811235609	181	0
9787811235616	422	0
9787811235623	201	0
9787811235630	042	39
9787811235647	333	0
9787811235654	F1	0
9787811235661	441	0
9787811235678	193&&B2	122
9787811235685	281	0
9787811235692	432	0
9787811235708	421	0
9787811235715	123	0
9787811235722	303	0
9787811235739	182	130
9787811235746	F1	0
9787811235753	F1	0
9787811235760	442	0
9787811235777	283	63
9787811235784	333	0
9787811235791	092	110
9787811235807	323	0
9787811235814	303	0
9787811235821	293	2
9787811235838	323	0
9787811235845	323	3
9787811235852	431	0
9787811235869	061	673
9787811235876	442&&O2	656
9787811235883	F1	0
9787811235890	F1	0
9787811235906	411	0
9787811235913	193	4
9787811235920	431	9
9787811235937	323	0
9787811235944	323	0
9787811235951	203	12
9787811235968	431	0
9787811235975	412&&B1	820
9787811235982	343	0
9787811235999	323	0
9787811236002	183	32
9787811236019	303	0
9787811236026	273	3
9787811236033	121&&O1	148
9787811236040	351	0
9787811236057	173&&K2	529
9787811236064	323	0
9787811236071	441	45
9787811236088	213	1
9787811236095	313	4
9787811236101	243	2
9787811236118	343	1
9787811236125	442	0
9787811236132	203	27
9787811236149	333	0
9787811236156	343	0
9787811236163	293	0
9787811236170	333	0
9787811236187	293	0
9787811236194	283	3
9787811236200	283	0
9787811236217	422	34
9787811236224	052	0
9787811236231	402	106
9787811236248	661	117
9787811236255	283	0
9787811236262	393	0
9787811236279	313	0
9787811236286	121	0
9787811236293	192	35
9787811236309	123	0
9787811236316	303	0
9787811236323	313	5
9787811236330	343	0
9787811236347	323	0
9787811236354	283	0
9787811236361	323	1
9787811236378	283	0
9787811236385	273	0
9787811236392	293	0
9787811236408	333	0
9787811236415	283	0
9787811236422	333	0
9787811236439	313	0
9787811236446	283	0
9787811236453	273	0
9787811236460	283	0
9787811236477	283	0
9787811236484	281&&O1	397
9787811236491	213	242
9787811236507	221	86
9787811236514	241	70
9787811236521	341	0
9787811236538	162	0
9787811236545	403	0
9787811236552	303	0
9787811236569	253	0
9787811236576	243	0
9787811236583	082	19
9787811236590	323	0
9787811236606	F1	0
9787811236613	312	86
9787811236620	122&&O1	478
9787811236637	512	225
9787811236644	182&&O2	844
9787811236651	431	0
9787811236668	073	1
9787811236675	053	0
9787811236682	063	2
9787811236699	F1&&N2	40
9787811236705	393	0
9787811236712	283	2
9787811236729	423	0
9787811236736	061&&E2	219
9787811236743	223	0
9787811236750	252	0
9787811236767	011	87
9787811236774	162	65
9787811236781	061&&N2	1458
9787811236798	012	0
9787811236804	081	165
9787811236811	291	0
9787811236828	242	88
9787811236835	272	303
9787811236842	362	49
9787811236859	381	650
9787811236866	301	0
9787811236873	331	0
9787811236880	143	18
9787811236897	231	0
9787811236903	011	104
9787811236910	393	63
9787811236927	341	24
9787811236934	212&&F1默认	0
9787811236941	F1	0
9787811236958	262	0
9787811236965	312&&321	59
9787811236972	422	0
9787811236989	063	0
9787811236996	422	0
9787811237009	211	208
9787811237016	192	0
9787811237023	403&&O2	112
9787811237030	031	0
9787811237047	021	139
9787811237054	212	0
9787811237061	671	433
9787811237078	341	306
9787811237085	391	0
9787811237092	163	12
9787811237108	302	5
9787811237115	F1	285
9787811237122	333	0
9787811237139	F1	127
9787811237146	372	80
9787811237160	F1默认	0
9787811237177	271	0
9787811237184	071	63
9787811237191	203	0
9787811237207	173	1
9787811237214	372	0
9787811237221	392	0
9787811237245	372&&P2	37
9787811237252	282	61
9787811237269	201	1
9787811237276	031	43
9787811237283	122	0
9787811237290	352&&H2	839
9787811237306	173	0
9787811237313	353	0
9787811237320	033	0
9787811237337	231	27
9787811237344	413&&B2	515
9787811237351	272	0
9787811237368	412	0
9787811237375	042	100
9787811237382	213	0
9787811237399	292	0
9787811237405	163	25
9787811237412	121	87
9787811237429	401&&412&&F1	419
9787811237436	031	0
9787811237443	352	0
9787811237450	311	0
9787811237467	332	0
9787811237474	271	56
9787811237481	122	0
9787811237498	112	0
9787811237504	312	0
9787811237511	272	22
9787811237528	082&&B2	90
9787811237535	252	0
9787811237542	331&&E2	723
9787811237559	371	48
9787811237566	292&&B2	76
9787811237573	123	33
9787811237580	203	17
9787811237597	072	115
9787811237603	243	0
9787811237610	423	0
9787811237627	083	0
9787811237634	343	0
9787811237641	233	0
9787811237658	151	557
9787811237665	132&&193	52
9787811237672	362	316
9787811237689	341	381
9787811237696	291	220
9787811237719	261&&F1默认	700
9787811237726	131	55
9787811237733	183&&J1	177
9787811237740	422&&K2	1059
9787811237764	382	0
9787811237771	012	0
9787811237788	152	382
9787811237795	031	1
9787811237801	271	218
9787811237818	393	32
9787811237825	252	0
9787811237832	112	0
9787811237849	151	0
9787811237856	182	114
9787811237863	251	0
9787811237870	392&&J2	502
9787811237887	261	0
9787811237894	142&&N1	121
9787811237900	322	0
9787811237917	163	0
9787811237924	211	372
9787811237931	061	0
9787811237948	133	1
9787811237955	053	0
9787811237962	053	0
9787811237979	053	0
9787811237986	053	0
9787811237993	053	0
9787811238006	033	0
9787811238013	093	0
9787811238020	093	0
9787811238037	183	18
9787811238044	311	0
9787811238051	121	230
9787811238068	162	0
9787811238075	241	0
9787811238082	061	0
9787811238099	143	18
9787811238105	133	34
9787811238112	402	0
9787811238129	422	0
9787811238136	192	360
9787811238143	281	9
9787811238150	061&&062	584
9787811238167	302	0
9787811238174	362	0
9787811238181	181	298
9787811238198	283	0
9787811238204	F1	239
9787811238211	F1	185
9787811238228	402	0
9787811238235	262	22
9787811238242	262	202
9787811238259	282	29
9787811238266	212	0
9787811238273	372	0
9787811238280	362	0
9787811238297	161&&162	80
9787811238303	361&&L1	83
9787811238310	061	0
9787811238327	151	1
9787811238334	101	0
9787811238341	193	0
9787811238358	391	0
9787811238365	153	24
9787811238372	213	0
9787811238389	361	0
9787811238396	421	3
9787811238402	421	0
9787811238419	332	42
9787811238426	342	0
9787811238433	651	0
9787811238440	412	120
9787811238457	211	0
9787811238464	443	0
9787811238471	062	55
9787811238488	381	260
9787811238495	133	20
9787811238501	143	52
9787811238518	143	15
9787811238525	242	112
9787811238532	212	0
9787811238549	052	0
9787811238556	133	2
9787811238587	371	47
9787811238594	143	25
9787811238600	371	383
9787811238617	393	0
9787811238624	012	209
9787811238631	252	0
9787811238648	283	0
9787811238655	143	13
9787811238662	322&&A1	295
9787811238679	382	0
9787811238686	443	0
9787811238693	133	1
9787811238716	252	397
9787811238723	012	1
9787811238730	153	9
9787811238747	061	256
9787811238754	051	0
9787811238761	343	0
9787811238778	103	0
9787811238785	323	0
9787811238792	293	0
9787811238808	323	0
9787811238815	293	2
9787811238822	323	0
9787811238839	273	0
9787811238846	293	0
9787811238853	273	0
9787811238860	F1默认	0
9787811238877	163	27
9787811238884	061	81
9787811238891	212	1
9787811238907	213	0
9787811238914	282	0
9787811238921	193	227
9787811238938	173	42
9787811238945	332	0
9787811238952	342	0
9787811238969	282	87
9787811238976	402	154
9787811238983	283	0
9787811238990	121	192
9787811239003	421	0
9787811239010	302	0
9787811239027	062	267
9787811239034	021	164
9787811239041	412	0
9787811239058	011	0
9787811239065	721	66
9787811239072	223	2
9787811239089	381	0
9787811239096	211	0
9787811239102	012	19
9787811239119	081	0
9787811239126	182&&F1默认	0
9787811239133	042	6
9787811239140	352	0
9787811239157	133	1
9787811239164	063	3
9787811239171	432	0
9787811239188	112	128
9787811239195	131	0
9787811239201	273	49
9787811239218	283	1
9787811239225	333	0
9787811239232	323	1
9787811239249	283	1
9787811239256	283	0
9787811239263	273	0
9787811239270	362	123
9787811239287	323	0
9787811239294	273	0
9787811239300	361	355
9787811239317	261	0
9787811239324	193	2
9787811239331	263	0
9787811239348	313	0
9787811239355	323	0
9787811239362	313	0
9787811239379	233	0
9787811239386	052	64
9787811239393	021	316
9787811239409	241	0
9787811239416	351	1
9787811239423	332	208
9787811239430	422	221
9787811239447	163	12
9787811239454	431	0
9787811239461	062&&F1	2
9787811239478	362	36
9787811239485	393&&E1	159
9787811239492	252	0
9787811239508	032	162
9787811239515	283	0
9787811239522	363	0
9787811239539	271	0
9787811239546	071	0
9787811239553	222	63
9787811239560	303	205
9787811239577	042	56
9787811239584	442	292
9787811239591	163	18
9787811239607	291	58
9787811239614	211	0
9787811239621	262	0
9787811239638	491	0
9787811239645	372	93
9787811239669	272	0
9787811239676	133	1
9787811239683	221	13
9787811239690	232	153
9787811239706	112	0
9787811239713	421	0
9787811239720	071	0
9787811239737	F1	179
9787811239744	242	131
9787811239751	142	466
9787811239768	091	160
9787811239775	302	0
9787811239782	321	203
9787811239799	081	852
9787811239805	422	56
9787811239812	272	31
9787811239829	332	0
9787811239836	212	0
9787811239843	403	0
9787811239850	403	18
9787811239867	433	0
9787811239874	273	9
9787811239881	322	0
9787811239898	231	0
9787811239904	293	123
9787811239911	321	308
9787811239928	431	4
9787811239935	283	0
9787811239942	403	0
9787811239959	491	0
9787811239966	412	0
9787811239973	021&&401	527
9787811239980	103	3
9787880142600	271	0
9787880142601	422	0
9787880142602	422	0
9787880142662	422	0
9787880143492	422	0
9787880143973	412	0
9787880144253	422	0
9787887590176	211	0
9787887590206	F1	0
9787887590299	F1	1202
9787887590381	F1	2604
9787887590398	F1	2599
9787887590404	F1	2704
9787887590466	0	46
9787887590473	0	46
9787887590480	0	46
9787887590527	F1	0
9787887590534	0	46
9787887590541	F1	0
9787887590565	0	0
9787887590572	0	0
9787887590589	0	0
9787887590930	0	280
9787887590947	222	799
9787887590954	0	0
9787900715005	071	0
9787900715333	442	0
9787900715876	0	0
9787999999011	F1	0
9787999999031	F1	0
